139
859
842
830
801
846
802
791
803
776
353
300
262
207
197
196
195
222
225
250
270
322
336
284
311
392
403
230
61
60
64
62
58
39
39
40
42
42
48
55
62
77
90
116
73
66
63
64
64
94
126
127
133
132
124
69
65
63
63
68
53
59
63
54
57
55
56
48
40
45
50
61
148
109
26
55
50
45
36
40
33
32
38
34
36
39
116
134
126
127
116
103
46
48
51
56
60
69
125
130
77
54
51
55
32
32
35
35
38
33
28
28
26
32
32
34
37
41
47
39
17
22
15
16
25
39
41
39
35
39
37
35
34
33
30
25
22
24
19
24
25
34
37
35
35
20
16
15
16
17
29
28
27
27
22
25
22
13
10
26
33
31
31
14
10
10
11
21
28
28
28
